Rating_change,Exchange_rate,Default_flag
0,344.94,0
0,344.94,0
0,282.5,0
4,325,0
4,282.5,0
0,344.94,0
0,325,0
-2,344.94,0
0,282.5,0
0,325,0
0,344.94,0
6,282.5,0
6,325,0
0,344.94,0
3,325,0
0,282.5,0
0,325,0
0,344.94,0
3,282.5,0
3,325,1
0,344.94,0
3,282.5,1
-3,344.94,0
0,282.5,0
0,344.94,0
0,282.5,0
1,344.94,0
2,344.94,1
4,282.5,0
1,325,0
0,344.94,0
0,282.5,0
0,325,0
0,282.5,0
0,282.5,0
0,282.5,0
0,325,0
0,282.5,0
0,344.94,0
4,325,0
-1,344.94,0
0,344.94,0
0,325,0
0,282.5,0
-3,344.94,0
5,282.5,0
0,325,0
0,325,0
-1,325,0
5,325,0
1,325,0
-2,282.5,0
-2,325,0
0,344.94,0
-1,282.5,0
0,344.94,0
5,325,0
-1,344.94,0
0,282.5,0
0,325,0
-1,325,0
0,325,0
0,282.5,0
3,344.94,0
0,344.94,0
0,344.94,0
1,325,0
1,282.5,0
-1,282.5,0
0,344.94,0
1,282.5,0
0,344.94,0
0,344.94,0
4,282.5,0
2,344.94,0
0,325,0
-1,282.5,0
0,344.94,0
1,282.5,0
0,325,0
4,325,0
4,282.5,0
4,325,0
4,282.5,0
0,344.94,0
0,344.94,0
-1,325,0
0,344.94,0
1,344.94,0
0,325,0
4,282.5,0
0,344.94,0
-1,282.5,0
0,344.94,0
0,282.5,0
0,282.5,0
-1,325,0
0,325,0
3,282.5,0
0,282.5,0
3,282.5,0
4,325,0
-3,282.5,0
-1,325,0
0,282.5,0
3,325,0
-2,325,0
3,344.94,1
3,325,0
4,282.5,0
1,282.5,0
0,282.5,0
0,344.94,0
-1,325,0
0,344.94,0
-2,344.94,0
0,325,0
4,325,0
0,325,0
0,325,0
-1,282.5,0
5,344.94,1
0,344.94,0
0,282.5,0
0,325,0
0,325,0
4,282.5,0
3,325,0
0,325,0
0,344.94,0
4,325,1
0,282.5,0
0,325,0
0,282.5,0
4,282.5,0
0,282.5,0
0,344.94,0
0,344.94,0
0,344.94,0
1,344.94,0
0,344.94,0
0,325,0
0,325,0
0,344.94,0
0,344.94,0
0,325,0
7,282.5,1
-1,282.5,0
0,325,0
2,325,1
5,282.5,0
4,344.94,0
-1,325,0
0,344.94,0
0,344.94,0
0,344.94,0
0,344.94,0
0,344.94,1
1,325,1
2,282.5,1
0,344.94,0
-1,325,0
0,282.5,0
-1,325,0
0,344.94,0
0,282.5,0
-2,325,0
1,282.5,0
0,344.94,0
1,344.94,0
0,325,0
0,344.94,0
2,282.5,0
0,282.5,0
0,282.5,0
0,282.5,0
0,325,0
0,344.94,0
-1,325,0
0,344.94,0
0,282.5,0
4,325,0
5,325,0
2,344.94,1
4,282.5,0
4,325,0
4,325,0
-1,344.94,0
4,325,0
3,325,1
4,282.5,1
4,282.5,0
0,282.5,0
0,282.5,0
-3,344.94,0
0,282.5,0
-3,344.94,0
0,282.5,0
0,344.94,0
-1,325,0
0,344.94,0
0,325,0
0,282.5,0
0,344.94,0
-1,282.5,0
0,282.5,0
0,325,0
5,282.5,0
0,344.94,0
0,325,0
4,282.5,0
3,282.5,0
3,325,0
4,325,0
0,344.94,0
3,282.5,0
0,325,0
-1,344.94,0
3,282.5,0
1,325,0
-1,325,0
1,282.5,0
5,282.5,0
3,282.5,0
1,282.5,0
-3,282.5,0
0,344.94,0
0,325,0
0,344.94,0
0,344.94,0
-1,325,0
0,282.5,0
0,325,0
6,325,0
1,282.5,0
-3,282.5,0
-1,325,0
1,282.5,0
0,344.94,0
-1,325,0
3,344.94,0
0,282.5,0
0,282.5,0
-2,282.5,0
0,282.5,0
-1,282.5,0
-1,325,0
0,282.5,0
3,325,0
1,282.5,0
3,325,0
0,344.94,0
4,282.5,0
3,282.5,0
0,344.94,0
-2,282.5,0
-3,325,0
0,325,0
0,282.5,0
0,282.5,0
1,344.94,0
1,344.94,1
5,325,1
1,282.5,0
0,282.5,0
6,344.94,1
0,344.94,0
0,344.94,0
0,344.94,0
0,344.94,0
0,344.94,0
0,325,0
0,344.94,0
-1,325,0
0,282.5,0
-1,325,0
0,282.5,0
-1,325,0
-1,325,0
0,282.5,0
-1,325,0
5,325,0
-1,325,0
3,282.5,0
5,282.5,0
6,344.94,1
5,282.5,1
0,282.5,0
0,325,0
0,282.5,0
0,344.94,0
3,282.5,1
0,325,0
0,325,0
-2,325,0
0,325,0
0,344.94,0
0,325,0
1,325,1
2,282.5,0
0,344.94,0
6,325,1
-2,344.94,0
0,344.94,0
0,282.5,0
0,282.5,0
-3,344.94,0
-1,325,0
4,282.5,0
-4,325,0
0,344.94,0
5,282.5,1
0,282.5,0
0,325,0
0,325,0
4,282.5,1
0,282.5,0
0,325,0
0,282.5,0
0,325,0
3,282.5,0
1,282.5,0
0,325,0
0,344.94,0
3,325,0
0,325,0
-2,282.5,0
0,344.94,0
0,344.94,0
0,344.94,0
0,344.94,1
0,325,1
3,282.5,1
0,325,0
0,344.94,0
-1,325,0
4,282.5,0
4,344.94,1
4,282.5,0
-1,282.5,0
